"","ASV47","ASV164","ASV224","ASV261","ASV458","ASV656","ASV1021"
"ASV47",0,0.00318471337579618,0.00318471337579618,0.00318471337579618,0.00636942675159236,0.0159235668789809,0.00955414012738853
"ASV164",0.00318471337579618,0,0.00636942675159236,0.00636942675159236,0.00318471337579618,0.0191082802547771,0.0127388535031847
"ASV224",0.00318471337579618,0.00636942675159236,0,0.00636942675159236,0.00955414012738853,0.0191082802547771,0.0127388535031847
"ASV261",0.00318471337579618,0.00636942675159236,0.00636942675159236,0,0.00955414012738853,0.0191082802547771,0.0127388535031847
"ASV458",0.00636942675159236,0.00318471337579618,0.00955414012738853,0.00955414012738853,0,0.0222929936305733,0.0159235668789809
"ASV656",0.0159235668789809,0.0191082802547771,0.0191082802547771,0.0191082802547771,0.0222929936305733,0,0.0191082802547771
"ASV1021",0.00955414012738853,0.0127388535031847,0.0127388535031847,0.0127388535031847,0.0159235668789809,0.0191082802547771,0
